0 1 0 0 0 0 0 0 0
0 1 0 0 0 0 0 0 0
0 1 0 0 0 0 0 0 0
0 1 1 1 1 1 1 1 1
0 0 0 0 0 0 0 0 0
1 1 1 1 1 1 1 1 0
0 0 0 0 0 0 0 1 0
0 0 0 0 0 0 0 1 0
0 0 0 0 0 0 0 1 0
0 0
8 8
1
4 4

0 1 0 0 0 0 0 0 0
0 1 0 0 0 0 0 0 0
0 1 0 0 0 0 0 0 0
0 1 1 1 1 1 1 1 1
0 0 0 0 0 0 0 0 0
1 1 1 1 1 1 1 1 0
0 0 0 0 0 0 0 1 0
0 0 0 0 0 0 0 1 0
0 0 0 0 0 0 0 1 0
0 0
8 8
3
4 4
2 2
3 4

0 1 0 0 0 0 0 0 0
0 1 0 0 0 0 0 0 0
0 1 0 0 0 0 0 0 0
0 1 1 1 1 1 1 1 1
0 0 0 0 0 0 0 0 0
1 1 1 1 1 1 1 1 0
0 0 0 0 0 0 0 1 0
0 0 0 0 0 0 0 1 0
0 0 0 0 0 0 0 1 0
0 0
8 8
3
4 4
4 0
4 8

0 1 0 0 0 0 0 0 0
0 1 0 0 0 0 0 0 0
0 1 0 0 0 0 0 0 0
0 1 1 1 1 1 1 1 1
0 0 0 0 0 0 0 0 0
1 1 1 1 1 1 1 1 0
0 0 0 0 0 0 0 1 0
0 0 0 0 0 0 0 1 0
0 0 0 0 0 0 0 1 0
0 0
8 8
3
4 4
1 0
2 0

0 1 0 0 0 0 0 0 0
0 1 0 0 0 0 0 0 0
0 1 0 0 0 0 0 0 0
0 1 1 1 1 1 1 1 1
0 0 0 0 0 0 0 0 0
1 1 1 1 1 1 1 1 0
0 0 0 0 0 0 0 1 0
0 0 0 0 0 0 0 1 0
0 0 0 0 0 0 0 1 0
0 0
8 8
9
4 4
1 0
2 0
3 0
4 0
4 8
5 8
6 8
7 8
